../../../../data/eval/ldc_dict_80_0.2_test_gold.csv